+14107346272
+13474417788
+15202403550
+15018342116
+19412744628
+14754337367
+15613650633
+19042146237
+18385498238
+15050853182
+12537998262
+17138560788
+14751876617
+17125701324
+17601012255
+16806706541
+14022197593
+14344749166
+17203871132
+16122061779
+12179055960
+17656937522
+14044761129
+17014556717
+16312568412
+19317454670
+16063982882
+16205791230
+18648713337
+15126918420
+16029622876
+19126484931
+18578489089
+19736468220
+19171197828
+19287645115
+18284012539
+16237078045
+12136221872
+13368654601
+16074729849
+16604448765
+13076505353
+13022507362
+16304471240
+16129036143
+18089536912
+12033148131
+12031339482
+19122529578
+19155769789
+19734378918
+12291286902
+12539372199
+14120245336
+12087886207
+12673527892
+17036701113
+12538229059
+19157883676
+19180923934
+19525407987
+17254554502
+12404364268
+12726730804
+16694254114
+18470192211
+19847801130
+13070267253
+18540982661
+12137277624
+15172090905
+15081164039
+19070051270
+17021637004
+13162693291
+16698885782
+17754028875
+12560479132
+12077640761
+15409564956
+19479411690
+18172286509
+19718653682
+17010157565
+15026474288
+19367384064
+17749278253
+14702544156
+17189840523
+13072248404
+16053247085
+19349432169
+12768700999
+17270538537
+17189778819
+19091672503
+18053729155
+13145433532
+12037356455
+19733774555
+17044295242
+15041521760
+12108398355
+18505600757
+14430338227
+15319290777
+18325512103
+13149443511
+19477654339
+16095871603
+18658033400
+17175392076
+14238094795
+15201046605
+16035360769
+15742063581
+12310849458
+13044813528
+17023335830
+16166918407
+18647296650
+12727012847
+17157631715
+17700784328
+14755170786
+18383323790
+15092032618
+17374647329
+18640545830
+12243227430
+13058066766
+16503687180
+13135366550
+19148718697
+19300412559
+17312569032
+12132658615
+12390335453
+18627725066
+16144391384
+18729172357
+17375354392
+14249462844
+15169483782
+15390115193
+14588162089
+18283688740
+18598025246
+17575225492
+16062598189
+19178612163
+14059653950
+19250869790
+12530971407
+14255150942
+15311081533
+19386982830
+18043539737
+19204698271
+12105940846
+15748589014
+12050527342
+17203965557
+13342682140
+12405177634
+14174020574
+19563748611
+19548582504
+13868348359
+13076310742
+15010642536
+14146395634
+12623956374
+16315687396
+13174888881
+14257714893
+13378001699
+16150393300
+15591273689
+19105722543
+14400078946
+17134839005
+15162100036
+12511523821
+13096207929
+17323716203
+18456864269
+19343664522
+14144935783
+16698518047
+17866240068
+14423948913
+19342682538
+17375277404
+16892556370
+12105054498
+19312940398
+18186090929
+19738871178
+18500891548
+15176539335
+15633763491
+18590426413
+17155171728
+19368142730
+15405387771
+16619446758
+15598450771
+19709130198
+15866658899
+19801087873
+12155070029
+16268312853
+14438007535
+17163855014
+14408452256
+16202554809
+13346679183
+18380015544
+19789760272
+15613751313
+13316772715
+18188896628
+17758602646
+15633927963
+15088941587
+15314034007
+15096102030
+17817255132
+16070646897
+15176316189
+14342071264
+13175977060
+18138547788
+18389023234
+12396656893
+17740657304
+12694820654
+17658774751
+14048005710
+14142825490
+16206705370
+16818733136
+15100059354
+14350396401
+12254356595
+12029540388
+14140768730
+16286619079
+17409604329
+18450102410
+12241456437
+13511635045
+12405850680
+15133222642
+12607044367
+12135165870
+19368482144
+13510867553
+13034122058
+18436365219
+14342395720
+19136950164
+12024883393
+15301034000
+18430639240
+18125018463
+15644083318
+17176974526
+16180307951
+16231052741
+15758164409
+14786430717
+14198322462
+12015138472
+13026404756
+18326869304
+14248459549
+13463333798
+15168367635
+15341496308
+19125897580
+17756659200
+19090997175
+19897350096
+15641102188
+18030868541
+18600098058
+13345632574
+19790252126
+14306760190
+14343991127
+19807699116
+17049584973
+18056647433
+17700932446
+14135481744
+13084187074
+19799552150
+14402100273
+14024113035
+15162428390
+18051714391
+18389526653
+18130810531
+12692216828
+16145864242
+17255488074
+19476268018
+18430773552
+19158497984
+13252075591
+15752752912
+16412403233
+17129145194
+16591785957
+15300581608
+14586388373
+17543326317
+18549068911
+19047513676
+15750204391
+17066983944
+12185660444
+18592302052
+13167547254
+13390699844
+19802317268
+17604182602
+18052628484
+13520147328
+18542878211
+13397938505
+16036932866
+17735392751
+15073144495
+14702415860
+16151273432
+17791895597
+19591900318
+18013771503
+15731189607
+12109250445
+15753339648
+14098267274
+18108649716
+13028928568
+13520854339
+14094114965
+15612377665
+13046815202
+18620552579
+16890592673
+17549762128
+19158132912
+15088090025
+15073270932
+17860052166
+19371971175
+13463189206
+17748845421
+17695219544
+16082427448
+18546677772
+12390115586
+16504015074
+12608055014
+16281243331
+14840408956
+16312802863
+19494878326
+19493338002
+17073843160
+13175391633
+14785753677
+17754870001
+17198817802
+16591550344
+16500846729
+18723086026
+15642550486
+13202344626
+17736722924
+17639883415
+14197619790
+16062833991
+14782685032
+18182682918
+12020411648
+12701264338
+15107405753
+19317188462
+19039917716
+16057375270
+18310918653
+19846210405
+18437414077
+16802589912
+18067934708
+15759405990
+19205105499
+12390563905
+18315845021
+16606775139
+14786325182
+14841422367
+12196703869
+15751030118
+14257411892
+12563047107
+15029624239
+14348317697
+18486814529
+13522058129
+19062825995
+12083661077
+16692391839
+19414163223
+19200908185
+14055475179
+18127278497
+16050101689
+16366687821
+19070635256
+12519024348
+15673923745
+15629563028
+15808360570
+13308662643
+15156889323
+12282650208
+18010139216
+18643461390
+19805118224
+19347725029
+12076841921
+19841385762
+15802820373
+13255677742
+15186877888
+16108864455
+15168901691
+19130398775
+16824223952
+12083354123
+12764950262
+15399325419
+12345933370
+18784375889
+17629700597
+19854040631
+18479830464
+17164904486
+18130462939
+16172667050
+19499695725
+16260336504
+17167934505
+15316726873
+15209061618
+17818611779
+16145137751
+12179973313
+17174918403
+17197442245
+13375200624
+18109949405
+14802363957
+18282730006
+17029339557
+12187196423
+14843571531
+16811561992
+12346256805
+19847918650
+16025196421
+17250155636
+16062062760
+19315092732
+18306304810
+18327943602
+12407573367
+18133443529
+12343469052
+15418176779
+19294954341
+12010187548
+17201994172
+12515998812
+12767108053
+17859978824
+16414349212
+12247436201
+13059498432
+19719284844
+16781990547
+15408344512
+13868643512
+18625223942
+14252244595
+16058315520
+12154836600
+12403231849
+17013178636
+13132386375
+16294533738
+19178899359
+18281107351
+16578387327
+15718075565
+19298086541
+12181073071
+19313804837
+13312265331
+19544192024
+14587737561
+16360835987
+15737204037
+15168608962
+17548408537
+17251977554
+15392602814
+12404160587
+14135813991
+17600624347
+17065185388
+13361806911
+13152463641
+13120306621
+14409607775
+17691599517
+18068106884
+13194958244
+14100745999
+15673869422
+18609490507
+13171204040
+16109163316
+14140032359
+19099909905
+12123108902
+17181196562
+12191332264
+12248507786
+15176050409
+15313325764
+17406993076
+19595844046
+13611316109
+14796154382
+19107776922
+19511560827
+12103039388
+17866016173
+13154501122
+17078893983
+17208685122
+19596781787
+17087132183
+16828873639
+16624791141
+19720236730
+18189460578
+17604098958
+19400090394
+14250250380
+13191821085
+17704259730
+14306944268
+19295415687
+19732233831
+16410375389
+14173197497
+15710819615
+13464280125
+18129525361
+14302206419
+18546038623
+19178270206
+19096622963
+17077410547
+13316968932
+13028323806
+16191924992
+15164353448
+15755190517
+19310210263
+15707973642
+19147832589
+14146428089
+19407108969
+13469631119
+15105809401
+15631711777
+17706773197
+18300567322
+15103401234
+19788960223
+14425172930
+13146662612
+16263367505
+14172436333
+19072261751
+14192283062
+18187677019
+18171832813
+15136205932
+18472178182
+16817995461
+17257920048
+12037733263
+16691520433
+15757422804
+12344569803
+18308638045
+13405176466
+12768282283
+17479880946
+16460623711
+17749861934
+14757039441
+12768422506
+18083083720
+15399841070
+16039950941
+16698623157
+16303892235
+14139150939
+12605696784
+16807815605
+13218108373
+16143342574
+19565536947
+17605729425
+18785556391
+12062485736
+15730592693
+13400488167
+16826572579
+17739384056
+13043232707
+18182317598
+16088586501
+12251692348
+17076685767
+13606314283
+18561011661
+15308535721
+14155894608
+19163341623
+16512848837
+16699223389
+12033825089
+17016501474
+15200681816
+15348730316
+19361816393
+14694455577
+14026422926
+12523779760
+14091315088
+14085814668
+13401866376
+13100545861
+19411141690
+15163257906
+13606965976
+17706555666
+19718560461
+17408128608
+14128415452
+17246068879
+15139307574
+13513899339
+12026088277
+16299263594
+12255489142
+19191986932
+13215526959
+19718257335
+16292197128
+19852740812
+14055755736
+14401390503
+19783049476
+13365811182
+15126263110
+12147323155
+18081015746
+17341120850
+18283422675
+14353541678
+17404938744
+18013644939
+17623472223
+13471327855
+12161664968
+15172317401
+16508080558
+15123922513
+19794951944
+12314961849
+16122903311
+15179205621
+14125823122
+18052546065
+15860431028
+16164302476
+13149380603
+14843149632
+19109628358
+18606800568
+16516126564
+17028576102
+16811543270
+12407895913
+18642139458
+18652297637
+12100954017
+15851185437
+18604695862
+15747245348
+12480932943
+16366644253
+14426108364
+19030089464
+12020616536
+12676031723
+12253140577
+14249364396
+19166432061
+17039473992
+12724993209
+17248414343
+14426901507
+13648266995
+18164107685
+14101187320
+16072898685
+15635534577
+17255842140
+12247038002
+14058695369
+19186925433
+16361666999
+14053008503
+17602724023
+19715007037
+12484451569
+15168620356
+15610529602
+13520725325
+16312821894
+19790906646
+18604316032
+12316371372
+19707480995
+17254337662
+16570189327
+17540492743
+17819994861
+14085628115
+19523486902
+18471690241
+16501720074
+17341512727
+19101517772
+13234338879
+14359564921
+13802257343
+13189871080
+15075184717
+19190989339
+17401040129
+12067007689
+15636441176
+19385392253
+16100744826
+19343032164
+16128807506
+18316606568
+18456463962
+13022485737
+19171129577
+17313854270
+12549393391
+19494782217
+16081492501
+15161010662
+14149552847
+17476452439
+18473157176
+14052178411
+13855686708
+14356821723
+16805115882
+13044353086
+12281965673
+15031452577
+14325250471
+14842602443
+13157380336
+14348554080
+17208547513
+13316922790
+17191645342
+16261801051
+17692148910
+16170810344
+16106040823
+16603907527
+18181504676
+18547542210
+13024271454
+12564361219
+18380997777
+17639323070
+15638869885
+13150138658
+16097342514
+19195568084
+15178155433
+16102311798
+16265389566
+18724359628
+18012798178
+17186150865
+14797751384
+19718289149
+18066394993
+15613262620
+16619798756
+12134027425
+18034151819
+17195234897
+17604366501
+12603204979
+12244274232
+18186285147
+14123608877
+12171247205
+17024942316
+13216397748
+14101404356
+17860810350
+12062340170
+16023694677
+18723970996
+13366758850
+12524773314
+13130466110
+19346372777
+15716098617
+15030858697
+17475321043
+19187269665
+17322590298
+18474090586
+14429685149
+14196422500
+13022838779
+18160498026
+19780285207
+15705677832
+12697545557
+16077702682
+14327797713
+19799858475
+17122938615
+14132259719
+18437927167
+17636992847
+19062440553
+14154610077
+12540782768
+17163793365
+17132937324
+17181954377
+18155709538
+12523532232
+19104259707
+15713371089
+19365806184
+12692949106
+19101736533
+18039814576
+17070375510
+13022921301
+13202791028
+15712873346
+19384643062
+19135601007
+14842478463
+16038545720
+15160827637
+17200317313
+17204408472
+19704122341
+16265720710
+13807186011
+12487680845
+18324794167
+16012319150
+19042463176
+14793634766
+17571496996
+16616503703
+13127578222
+19143398059
+14255771201
+17083495457
+13465259955
+14085914018
+13395304215
+16820409907
+15078050249
+12344462245
+14309031462
+18721760812
+18435136244
+17274642336
+14124867894
+15514453675
+19155992921
+15618146878
+17316436398
+16811766806
+17261470106
+13015545222
+15106528537
+15640388175
+16606423759
+17262926551
+16153527183
+18102952874
+19066864030
+18312869506
+16201294365
+12290902826
+19304331851
+19892479894
+18053290995
+17146465458
+13193157721
+14193166258
+17721455785
+18174931375
+13397312711
+16015936562
+13520998940
+17271562464
+18454644929
+13164302338
+17149682040
+16095025033
+12084879820
+16575565440
+13178894366
+18591350689
+19403059071
+15121925320
+17121770118
+13374074979
+19288360542
+19520699043
+19288670971
+12404055921
+16812213713
+19069205169
+14587472666
+13107892822
+15857413616
+16156996476
+18583729566
+12566517830
+14109461090
+13860065682
+17085231252
+14844844682
+14126833314
+18082796432
+12698251031
+17379079018
+19418995154
+14170114938
+13021887195
+15515142724
+17602946351
+16695552380
+13402785015
+16071570796
+14348668818
+16147008113
+12675245669
+13049832633
+12343001373
+18151092834
+19725953115
+19720375727
+15401643440
+17605169225
+13857650033
+17020750290
+13341464335
+15703471634
+17862340941
+18588207951
+17076896489
+16679229963
